[[[-4.18760329e-01,1.28782727e-02,1.31345630e-01, -1.89404756e-01, -8.23872536e-02, -9.89474654e-02,4.90374900e-02, -1.12028241e-01],
[ 9.93636101e-02, -2.31819734e-01, -3.76420051e-01, -9.32761654e-03,2.97031492e-01,3.06092292e-01, -2.93375343e-01,1.28091186e-01],
[-3.16704601e-01,3.46696585e-01, -2.59322673e-01,2.87512749e-01, -3.27536851e-01,3.70065838e-01, -1.35102674e-01,1.80167645e-01],
[-2.32464731e-01,5.41683018e-01,3.13481130e-02, -2.34714448e-01, -3.21731828e-02,1.01321355e-01, -1.10387415e-01,1.80167645e-01],
[-2.32464731e-01,4.56368506e-01, -4.26645309e-01,1.06197745e-01, -9.55462083e-03, -2.16635168e-01, -8.20520103e-01,1.58823371e-01],
[-1.89665452e-01,3.43435742e-02,9.71470177e-02,6.44818395e-02, -2.72874504e-01, -7.59876072e-02, -7.89739192e-02,7.52226412e-02],
[ 9.93636101e-02, -2.01520473e-01, -2.52011299e-01, -2.54686326e-01, -7.84301758e-02, -2.17402950e-01, -9.06078041e-01,4.07286026e-02],
[-2.83071846e-01,7.32288137e-03,9.92750525e-02,9.92750525e-02,9.92750525e-02,9.92750525e-02,8.70449245e-02,2.48732418e-01]],
[[-1.35439172e-01, -3.73452157e-02,3.08581609e-02,2.67556701e-02,8.22388679e-02,5.05823791e-02,4.77177799e-02,1.60798788e-01],
[ 3.30491424e-01, -2.54226178e-01, -4.42337662e-01,2.45430440e-01,3.18175703e-01,4.61045742e-01, -4.80402023e-01,3.41186076e-01],
[-3.08640208e-02,5.91034710e-01, -4.48796391e-01,3.46127182e-01, -5.73679149e-01,4.27348763e-01, -3.04919362e-01,3.77694786e-01],
[ 7.45402873e-02,6.15098178e-01, -8.15646574e-02, -2.75098115e-01, -1.27069522e-02, -9.77345556e-02, -2.30976343e-01,3.77694786e-01],
[ 7.45402873e-02,4.65788454e-01, -3.69845599e-01,3.74287397e-01, -1.86108768e-01, -5.72414994e-02, -3.14218134e-01,3.21815103e-01],
[ 1.17860563e-01,9.48671475e-02,2.19197646e-01,4.92636859e-02, -4.22768474e-01,1.89276367e-01, -2.41927922e-01,3.03045779e-01],
[ 3.30491424e-01, -2.02762142e-01, -1.69385940e-01, -1.83412820e-01, -5.74393123e-02, -1.56944931e-01, -3.02133411e-01,3.78361762e-01],
[-1.12669826e-01,1.87111661e-01,2.09123150e-01,2.09123150e-01,2.09123150e-01,2.09123150e-01,2.50340760e-01,3.10500056e-01]],
[[-1.76077902e-01,1.17247641e-01,2.38569118e-02,5.18223383e-02,6.74565881e-02, -4.94772904e-02,5.62965460e-02,1.92251690e-02],
[-7.47068524e-02, -7.99019635e-02,4.84819375e-02,9.44289267e-02,1.93942860e-01,1.09743446e-01,3.03742699e-02,1.15711212e-01],
[-6.05975650e-02,2.29535371e-01,9.09698755e-02,2.51256227e-01,2.53924467e-02,2.75298357e-01,8.66538584e-02,1.34125143e-01],
[ 2.02063471e-04,1.60269499e-01, -1.14514634e-01, -1.87768251e-01,9.86031592e-02, -3.81775685e-02,1.47827402e-01,1.34125143e-01],
[ 2.02063471e-04,6.17909767e-02,7.00042024e-03,2.70807147e-01, -1.59552738e-01, -1.32852972e-01, -9.62269008e-02,1.70908421e-01],
[-7.19379783e-02,1.63047448e-01,2.96018124e-01, -3.09614465e-03,1.42458409e-01,1.55059725e-01, -1.23822056e-02,1.80194154e-01],
[-7.47068524e-02, -7.44719207e-02, -1.63819030e-01, -2.34155148e-01, -2.64465027e-02, -1.30790755e-01, -1.65500626e-01,2.24214464e-01],
[-7.19538778e-02,1.65802419e-01,1.63319826e-01,1.63319826e-01,1.63319826e-01,1.63319826e-01,2.22401798e-01,1.57588705e-01]]]