[[[-0.82351357 , 0.06732671 , 0.0863484  , 0.21906294 ,-0.1912038 ,-0.3952244  , 0.14078169 , 0.0581369 ],
     [ 0.11183178 ,-0.06300555 ,-0.0535468  ,-0.7981832  , 0.31424004 , 0.5529758  ,-0.29460955 , 0.43964654],
      [-0.6381772  ,-0.17103283 ,-0.03229202 ,-0.05145742 ,-0.09635046 ,-0.15763232 ,-0.22337444 , 0.480655  ],
     [-0.65074086 ,-0.28204215 , 0.79115593 ,-0.40738678 ,-0.47175205 , 0.6646898  ,-0.071852   , 0.480655  ],
      [-0.65074086 , 0.42372948 ,-0.48037755 ,-0.17617385 , 0.59012353 ,-0.27194917 ,-0.19857283 , 0.480655  ],
     [-0.72184974 , 0.6203381  ,-0.19931175 , 0.7494485  ,-0.37827736 , 0.21020596 ,-0.11341979 , 0.480655  ],
      [ 0.11183178 ,-0.10374655 ,-0.02757181 ,-0.3426416  , 0.17362686 ,-0.09149332 ,-0.33046412 , 0.36790627],
     [-0.49971557 ,-0.02713828 , 0.06242581 , 0.05958284 ,-0.12071775 , 0.06242581 , 0.04623301 , 0.44025356]],
 [[-0.34068862 ,-0.3411982  ,-0.27693325 ,-0.25510356 ,-0.18383771 ,-0.28578448 ,-0.26146153 ,-0.04355824],
     [-0.07463291 ,-0.18256599 ,-0.14925435 ,-0.05894893 ,-0.06473053 ,-0.11053945 ,-0.28200912 , 0.02815923],
     [-0.3459373  ,-0.19210427 , 0.19337082 ,-0.46678418 ,-0.06103164 ,-0.21681547 ,-0.22330496 , 0.09154272],
     [-0.32142806 ,-0.3006618  ,-0.06503495 ,-0.01302731 ,-0.2518489 , 0.0147748  ,-0.22401473 , 0.09154272],
      [-0.32142806 ,-0.14007863 ,-0.38528913 ,-0.23328161 ,-0.05115105 ,-0.41903886 ,-0.22106875 , 0.09154272],
     [-0.33513477 ,-0.04825995 ,-0.3544803  , 0.05604012 ,-0.48845917 ,-0.40312493 ,-0.20678513 , 0.09154272],
     [-0.07463291 ,-0.18227589 ,-0.15463027 ,-0.1695736  ,-0.0534479 ,-0.17919603 ,-0.25036058 , 0.09697093],
     [-0.19011597 ,-0.0873787  ,-0.10296713 ,-0.10511617 ,-0.09098054 ,-0.10296713 ,-0.09671755 , 0.11232004]],
 [[-0.3118206  ,-0.08229786 ,-0.09842202 ,-0.10349368 ,-0.0554256 ,-0.10396942 ,-0.09234014 , 0.05426723],
     [-0.10273154 ,-0.01092442 ,-0.02434754 ,-0.16646135 , 0.16513349 , 0.18329579 ,-0.06486079 , 0.11076099],
      [-0.27390105 , 0.06088485 , 0.00434891 , 0.14988214 ,-0.14305188 ,-0.02105531 ,-0.06572187 , 0.14752981],
     [-0.29538926 ,-0.05082249 , 0.22642085 ,-0.1457724  ,-0.05742022 , 0.30610475 ,-0.05707624 , 0.14752981],
      [-0.29538926 , 0.0930253  ,-0.09086734 , 0.09234262 , 0.2778958 ,-0.21683337 ,-0.01051494 , 0.14752981],
     [-0.29009327 , 0.23000321 ,-0.03332769 , 0.31785607 ,-0.24013221 ,-0.10701957 , 0.00271055 , 0.14752981],
     [-0.10273154 ,-0.06878045 ,-0.0971235  ,-0.06249454 , 0.08795109 ,-0.09461585 ,-0.01058694 , 0.18326207],
     [-0.16582716 , 0.12297133 , 0.0961729  , 0.11599153 , 0.12757796 , 0.0961729  , 0.12154791 , 0.18939275]]]