-5.0000000000000036
-4.725000000000003
-5.0000000000000036
-5.0000000000000036
-5.0000000000000036
-5.0000000000000036
-4.724999999999999
-5.0000000000000036
-5.0000000000000036
-4.725
-5.0000000000000036
-4.449999999999999
-4.449999999999996
-5.0000000000000036
-5.0000000000000036
-5.0000000000000036
-4.449999999999994
-4.449999999999994
-4.174999999999992
-2.679999999999991
-2.8999999999999893
-3.8999999999999875
-4.7250000000000005
-4.449999999999994
-4.174999999999992
-2.8999999999999906
-3.8999999999999875
-3.624999999999989
-1.3599999999999963
-3.6249999999999876
-1.5799999999999947
-2.239999999999992
-3.3499999999999877
-4.449999999999996
-1.316666666666663
-3.3499999999999868
-1.3166666666666602
-3.8999999999999866
-1.3166666666666647
-0.583333333333329
-3.8999999999999884
-1.359999999999997
-0.814285714285714
-1.4999999999999918
-0.3428571428571442
0.387500000000001
-0.9499999999999994
-0.3428571428571438
-2.2399999999999918
0.6400000000000016
