-4.724999999999999
-5.0000000000000036
-3.8999999999999875
-4.724999999999999
-5.0000000000000036
-4.724999999999999
-4.724999999999999
-1.4999999999999982
-4.17499999999999
-2.679999999999995
-3.6249999999999876
-0.8142857142857132
-1.799999999999994
-1.359999999999994
-1.133333333333329
-1.1333333333333273
-1.7999999999999923
-0.7666666666666643
-0.6571428571428554
-2.0199999999999956
-0.02857142857142724
0.3875000000000009
-0.8142857142857131
0.9700000000000047
-0.9499999999999975
0.7111111111111144
0.8818181818181826
-0.02499999999999954
0.24999999999999972
0.7111111111111104
0.8600000000000003
0.38750000000000145
1.0818181818181858
0.9818181818181845
1.2818181818181857
0.24999999999999883
-0.16249999999999545
0.4666666666666688
0.11249999999999985
1.081818181818186
1.5416666666666652
1.181818181818186
1.6333333333333326
