[[[-0.93161964 ,-0.11385694 ,-0.0249438  ,-0.0249438  ,-0.0249438 ,-0.0249438  , 0.08754775 ,-0.19012521],
  [-0.14128341 , 0.00316459 ,-0.06400916 ,-0.05912551 ,-0.25073397 , 0.22710437 ,-0.7871574  , 0.15039974],
  [-0.06590301 ,-0.57038844 ,-0.32110852 , 0.15456554 , 0.12322032 ,-0.49135616 ,-0.07458916 ,-0.02216288],
  [-0.7394  ,-0.20113152 , 0.42725483 ,-0.62793124 , 0.25240555 , 0.09594002 ,-0.6140038  , 0.08189547],
  [-0.6494806  , 0.08972663 ,-0.34772792 ,-0.05022898 , 0.49855003 , 0.44022444 ,-0.09496507 , 0.18192105],
  [-0.69884217 , 0.23162565 , 0.37306836 , 0.19879955 , 0.39441428 , 0.51786697 ,-0.09496507 , 0.18192105],
  [-0.04688078 ,-0.48372003 ,-0.10252926 ,-0.11710221 ,-0.11792853 ,-0.11792853 ,-0.5577258  ,-0.01219854],
  [-0.6922771  ,-0.20548472 ,-0.26312646 ,-0.09932283 ,-0.09932283 ,-0.09932283 ,-0.09349856 , 0.18318513]],
 [[-0.30005926 ,-0.28352168 ,-0.2641076  ,-0.2641076  ,-0.2641076 ,-0.2641076  ,-0.15484935 ,-0.07079336],
  [ 0.06966408 ,-0.2242814  ,-0.14653423 ,-0.12438811 ,-0.27563068 ,-0.14295366 ,-0.14411807 , 0.05036476],
  [ 0.0964851  ,-0.28686064 ,-0.1206638  , 0.07869189 , 0.12618953 , 0.03889293 ,-0.3632383  , 0.08310973],
  [-0.25515395 ,-0.06172837 , 0.16680065 ,-0.37991863 , 0.16238233 ,-0.02240884 ,-0.09073342 , 0.13578227],
  [-0.1952303  , 0.00963868 ,-0.15691608 ,-0.03546081 , 0.15204185 , 0.09902298 ,-0.14116082 , 0.11948238],
  [-0.17250693 , 0.07158779 , 0.06290343 ,-0.15350974 ,-0.01385435 , 0.14490256 ,-0.14116082 , 0.11948238],
  [ 0.10059687 ,-0.37096566 ,-0.19521189 ,-0.09398828 ,-0.07554115 ,-0.07554115 ,-0.35104752 , 0.08250348],
  [-0.326701 ,-0.06962511 ,-0.09377973 ,-0.07392228 ,-0.07392228 ,-0.07392228 ,-0.07341251 , 0.11011352]],
 [[-0.36398697 ,-0.07140984 ,-0.13976747 ,-0.13976747 ,-0.13976747 ,-0.13976747 ,-0.15373707 ,-0.08529641],
  [-0.24301124 ,-0.16961336 ,-0.15830368 ,-0.1641835  ,-0.12510681 , 0.04847551 ,-0.13278365 ,-0.00220626],
  [-0.25578204 , 0.01142368 ,-0.00203884 , 0.08164189 ,-0.03194108 ,-0.01688408 ,-0.00112649 ,-0.03591561],
  [-0.35745138 , 0.07419503 ,-0.09686183 ,-0.03370827 , 0.03189433 , 0.1278879  ,-0.09997486 , 0.00434253],
  [-0.28317615 ,-0.01998798 ,-0.10236784 , 0.12242518 , 0.03900922 , 0.12125676 , 0.07872585 ,-0.01772415],
  [-0.32253656 , 0.16359916 ,-0.0417602  ,-0.01514047 ,-0.04152522 , 0.07590964 , 0.07872585 ,-0.01772415],
  [-0.2654498  ,-0.11269378 ,-0.14474225 ,-0.10615816 ,-0.07741185 ,-0.07741185 ,-0.02148431 , 0.01010833],
  [-0.2945089  ,-0.00601736 , 0.00597651 ,-0.01174117 ,-0.01174117 ,-0.01174117 , 0.05522478 , 0.00247756]]]