[[[-0.10469332 , 0.04847344 , 0.0707758  ,-0.2314748  , 0.05115653 , 0.13527395 , 0.26905242 ,-0.1847213 ],
  [-0.12188356 ,-0.05770277 , 0.30943444 , 0.5541612  , 0.67190754 ,-0.16499521 ,-0.17598186 , 0.448317  ],
  [ 0.45584184 ,-0.371651   ,-0.02696615 ,-0.18004785 ,-0.13173087 , 0.34563935 , 0.00523968 , 0.5284838 ],
  [-0.2286884  , 0.045395   , 0.08286942 , 0.34618133 , 0.05328546 ,-0.05565448 ,-0.36301142 , 0.5284838 ],
  [-0.16827582 , 0.53822494 , 0.51600647 , 0.40684736 , 0.00749869 ,-0.08051544 , 0.5496634  , 0.5284838 ],
  [ 0.2007327  ,-0.22597091 ,-0.19503202 , 0.72134465 ,-0.29090166 , 0.45475453 , 0.6284964  , 0.5284838 ],
  [ 0.5180363  ,-0.01171344 , 0.06697977 ,-0.01073482 , 0.02033491 , 0.08640964 ,-0.5970089  , 0.5363751 ],
  [-0.14686221 , 0.22622526 , 0.26130873 , 0.26130873 , 0.26130873 , 0.26130873 , 0.33832276 , 0.5659908 ]],

 [[ 0.07769161 , 0.36226436 , 0.10879061 , 0.17471877 , 0.11744544 , 0.17699514 ,-0.01196547 , 0.29693556],
  [ 0.38936597 ,-0.01889887 , 0.03653473 ,-0.05437365 ,-0.02947564 , 0.09712151 ,-0.23856248 , 0.05774242],
  [-0.05438027 , 0.18206689 ,-0.11142686 ,-0.13858321 ,-0.1824507 , 0.06482393 ,-0.14806156 , 0.08444369],
  [-0.00592721 , 0.0054503  ,-0.02571003 ,-0.03902063 ,-0.19203573 ,-0.21763274 ,-0.04680485 , 0.08444369],
  [ 0.06146915 ,-0.03705287 ,-0.00107318 , 0.12983486 ,-0.16165408 ,-0.00292417 , 0.05064981 , 0.08444369],
  [ 0.10175596 ,-0.01517941 ,-0.1591907  ,-0.02618244 ,-0.15435883 ,-0.03565162 ,-0.0576525  , 0.08444369],
  [ 0.0139659  ,-0.12378922 ,-0.15156582 ,-0.13170698 ,-0.16611314 ,-0.08248749 ,-0.00186679 , 0.05147299],
  [-0.06575531 ,-0.00229153 ,-0.06117566 ,-0.06117566 ,-0.06117566 ,-0.06117566 ,-0.08935346 , 0.10536656]],

 [[-0.2199874  ,-0.26178008 ,-0.00964664 ,-0.13586314 ,-0.08196043 , 0.07435647 , 0.01087756 , 0.05547794],
  [-0.156992   , 0.03541954 , 0.17198561 , 0.28822714 , 0.19865508 ,-0.00724002 ,-0.08389225 , 0.1911137 ],
  [-0.06961725 ,-0.01265921 , 0.03383736 ,-0.04532643 , 0.01168726 , 0.2527803  , 0.02132277 , 0.22824447],
  [-0.2702984  , 0.0251908  , 0.04368411 , 0.17050692 , 0.13918535 , 0.09022353 ,-0.04341068 , 0.22824447],
  [-0.15573303 , 0.273702   , 0.19534145 , 0.20078953 , 0.08798061 , 0.10665569 , 0.01396386 , 0.22824447],
  [-0.1012023  , 0.170503   ,-0.00109597 , 0.29897657 , 0.00512693 , 0.21591048 , 0.08145369 , 0.22824447],
  [-0.03616545 ,-0.02316286 , 0.10837773 , 0.04711387 , 0.09153686 , 0.08719973 ,-0.12719841 , 0.15711136],
  [-0.21984388 , 0.11624873 , 0.09878463 , 0.09878463 , 0.09878463 , 0.09878463 , 0.12583736 , 0.19024244]]]